{
  "nbformat": 4,
  "nbformat_minor": 0,
  "metadata": {
    "colab": {
      "provenance": [],
      "authorship_tag": "ABX9TyON+QmznjRlgCxAI7yArBPZ",
      "include_colab_link": true
    },
    "kernelspec": {
      "name": "python3",
      "display_name": "Python 3"
    },
    "language_info": {
      "name": "python"
    }
  },
  "cells": [
    {
      "cell_type": "markdown",
      "metadata": {
        "id": "view-in-github",
        "colab_type": "text"
      },
      "source": [
        "<a href=\"https://colab.research.google.com/github/gulcenurcagiran/market-basket-analysis/blob/main/market_basket_analysis2.ipynb\" target=\"_parent\"><img src=\"https://colab.research.google.com/assets/colab-badge.svg\" alt=\"Open In Colab\"/></a>"
      ]
    },
    {
      "cell_type": "code",
      "execution_count": 1,
      "metadata": {
        "id": "MaaU1kCRPWkf"
      },
      "outputs": [],
      "source": [
        "import pandas as pd\n",
        "import matplotlib.pyplot as plt"
      ]
    },
    {
      "cell_type": "code",
      "source": [
        "url = 'https://raw.githubusercontent.com/gulcenurcagiran/groceries-dataset/refs/heads/main/Groceries%20data.csv'\n",
        "data = pd.read_csv(url)\n",
        "\n",
        "data_head = data.head()\n",
        "data_info = data.info()\n",
        "data_summary = data.describe(include='all')\n",
        "\n",
        "data_head, data_info, data_summary"
      ],
      "metadata": {
        "colab": {
          "base_uri": "https://localhost:8080/"
        },
        "collapsed": true,
        "id": "Q9jvmw6dPZz7",
        "outputId": "bb8b5d41-1503-4b4d-e763-80b8ad42ed01"
      },
      "execution_count": 2,
      "outputs": [
        {
          "output_type": "stream",
          "name": "stdout",
          "text": [
            "<class 'pandas.core.frame.DataFrame'>\n",
            "RangeIndex: 38765 entries, 0 to 38764\n",
            "Data columns (total 7 columns):\n",
            " #   Column           Non-Null Count  Dtype \n",
            "---  ------           --------------  ----- \n",
            " 0   Member_number    38765 non-null  int64 \n",
            " 1   Date             38765 non-null  object\n",
            " 2   itemDescription  38765 non-null  object\n",
            " 3   year             38765 non-null  int64 \n",
            " 4   month            38765 non-null  int64 \n",
            " 5   day              38765 non-null  int64 \n",
            " 6   day_of_week      38765 non-null  int64 \n",
            "dtypes: int64(5), object(2)\n",
            "memory usage: 2.1+ MB\n"
          ]
        },
        {
          "output_type": "execute_result",
          "data": {
            "text/plain": [
              "(   Member_number        Date   itemDescription  year  month  day  day_of_week\n",
              " 0           1808  2015-07-21    tropical fruit  2015      7   21            1\n",
              " 1           2552  2015-05-01        whole milk  2015      5    1            4\n",
              " 2           2300  2015-09-19         pip fruit  2015      9   19            5\n",
              " 3           1187  2015-12-12  other vegetables  2015     12   12            5\n",
              " 4           3037  2015-01-02        whole milk  2015      1    2            4,\n",
              " None,\n",
              "         Member_number        Date itemDescription          year         month  \\\n",
              " count    38765.000000       38765           38765  38765.000000  38765.000000   \n",
              " unique            NaN         728             167           NaN           NaN   \n",
              " top               NaN  2015-01-21      whole milk           NaN           NaN   \n",
              " freq              NaN          96            2502           NaN           NaN   \n",
              " mean      3003.641868         NaN             NaN   2014.528518      6.477570   \n",
              " std       1153.611031         NaN             NaN      0.499193      3.431561   \n",
              " min       1000.000000         NaN             NaN   2014.000000      1.000000   \n",
              " 25%       2002.000000         NaN             NaN   2014.000000      4.000000   \n",
              " 50%       3005.000000         NaN             NaN   2015.000000      6.000000   \n",
              " 75%       4007.000000         NaN             NaN   2015.000000      9.000000   \n",
              " max       5000.000000         NaN             NaN   2015.000000     12.000000   \n",
              " \n",
              "                  day   day_of_week  \n",
              " count   38765.000000  38765.000000  \n",
              " unique           NaN           NaN  \n",
              " top              NaN           NaN  \n",
              " freq             NaN           NaN  \n",
              " mean       15.753231      3.014498  \n",
              " std         8.801391      1.987669  \n",
              " min         1.000000      0.000000  \n",
              " 25%         8.000000      1.000000  \n",
              " 50%        16.000000      3.000000  \n",
              " 75%        23.000000      5.000000  \n",
              " max        31.000000      6.000000  )"
            ]
          },
          "metadata": {},
          "execution_count": 2
        }
      ]
    },
    {
      "cell_type": "code",
      "source": [
        "def check_data_quality(df):\n",
        "    print(\"Duplicate Records:\", df.duplicated().sum())\n",
        "    print(\"\\nMissing Values:\\n\", df.isnull().sum())\n",
        "    print(\"\\nUnique Items:\", df['itemDescription'].nunique())\n",
        "    print(\"\\nSample Unique Items:\\n\", df['itemDescription'].unique()[:10])\n",
        "\n",
        "check_data_quality(data)\n",
        "\n",
        "def clean_data(df):\n",
        "    df['Date'] = pd.to_datetime(df['Date'], errors='coerce')\n",
        "\n",
        "    df['itemDescription'] = (df['itemDescription']\n",
        "                           .str.strip()\n",
        "                           .str.lower()\n",
        "                           .str.replace('  ', ' ')\n",
        "                           .str.replace('[^\\w\\s]', ''))\n",
        "\n",
        "    df = df.drop_duplicates()\n",
        "\n",
        "    cleaned_df = df[['Member_number', 'Date', 'itemDescription']]\n",
        "\n",
        "    assert cleaned_df.isnull().sum().sum() == 0, \"There are missing values!\"\n",
        "\n",
        "    return cleaned_df\n",
        "\n",
        "cleaned_data = clean_data(data.copy())\n",
        "\n",
        "print(\"\\nCleaned Data Info:\")\n",
        "print(cleaned_data.info())\n",
        "print(\"\\nSample Cleaned Data:\")\n",
        "print(cleaned_data.head())\n",
        "\n",
        "print(\"\\nSummary Statistics:\")\n",
        "print(\"Total Transactions:\", len(cleaned_data))\n",
        "print(\"Unique Customers:\", cleaned_data['Member_number'].nunique())\n",
        "print(\"Unique Products:\", cleaned_data['itemDescription'].nunique())\n",
        "print(\"Date Range:\", cleaned_data['Date'].min(), \"to\", cleaned_data['Date'].max())"
      ],
      "metadata": {
        "colab": {
          "base_uri": "https://localhost:8080/"
        },
        "id": "yctHxMu0PgGl",
        "outputId": "93c574cf-2495-4259-8334-84abe1348cc8"
      },
      "execution_count": 3,
      "outputs": [
        {
          "output_type": "stream",
          "name": "stdout",
          "text": [
            "Duplicate Records: 759\n",
            "\n",
            "Missing Values:\n",
            " Member_number      0\n",
            "Date               0\n",
            "itemDescription    0\n",
            "year               0\n",
            "month              0\n",
            "day                0\n",
            "day_of_week        0\n",
            "dtype: int64\n",
            "\n",
            "Unique Items: 167\n",
            "\n",
            "Sample Unique Items:\n",
            " ['tropical fruit' 'whole milk' 'pip fruit' 'other vegetables' 'rolls/buns'\n",
            " 'pot plants' 'citrus fruit' 'beef' 'frankfurter' 'chicken']\n",
            "\n",
            "Cleaned Data Info:\n",
            "<class 'pandas.core.frame.DataFrame'>\n",
            "Index: 38006 entries, 0 to 38764\n",
            "Data columns (total 3 columns):\n",
            " #   Column           Non-Null Count  Dtype         \n",
            "---  ------           --------------  -----         \n",
            " 0   Member_number    38006 non-null  int64         \n",
            " 1   Date             38006 non-null  datetime64[ns]\n",
            " 2   itemDescription  38006 non-null  object        \n",
            "dtypes: datetime64[ns](1), int64(1), object(1)\n",
            "memory usage: 1.2+ MB\n",
            "None\n",
            "\n",
            "Sample Cleaned Data:\n",
            "   Member_number       Date   itemDescription\n",
            "0           1808 2015-07-21    tropical fruit\n",
            "1           2552 2015-05-01        whole milk\n",
            "2           2300 2015-09-19         pip fruit\n",
            "3           1187 2015-12-12  other vegetables\n",
            "4           3037 2015-01-02        whole milk\n",
            "\n",
            "Summary Statistics:\n",
            "Total Transactions: 38006\n",
            "Unique Customers: 3898\n",
            "Unique Products: 167\n",
            "Date Range: 2014-01-01 00:00:00 to 2015-12-30 00:00:00\n"
          ]
        }
      ]
    },
    {
      "cell_type": "code",
      "source": [
        "import numpy as np\n",
        "\n",
        "def create_transactions(df):\n",
        "    grouped_data = df.groupby(['Member_number', 'Date'])['itemDescription'].apply(list).reset_index()\n",
        "\n",
        "    grouped_data['itemDescription'] = grouped_data['itemDescription'].apply(lambda x: list(dict.fromkeys(x)))\n",
        "\n",
        "    transactions = grouped_data['itemDescription'].tolist()\n",
        "\n",
        "    print(f\"Total number of transactions: {len(transactions)}\")\n",
        "    print(f\"Average basket size: {np.mean([len(t) for t in transactions]):.2f}\")\n",
        "    print(f\"Maximum basket size: {max([len(t) for t in transactions])}\")\n",
        "\n",
        "    return transactions\n",
        "\n",
        "transactions = create_transactions(cleaned_data)\n",
        "\n",
        "print(\"\\nSample transactions:\")\n",
        "for i, transaction in enumerate(transactions[:5], 1):\n",
        "    print(f\"\\nTransaction {i}:\")\n",
        "    print(f\"Number of items: {len(transaction)}\")\n",
        "    print(f\"Items: {transaction}\")"
      ],
      "metadata": {
        "colab": {
          "base_uri": "https://localhost:8080/"
        },
        "id": "GmoZ8QY7PywG",
        "outputId": "592a2d6a-ae4e-4826-e38a-8b873254d695"
      },
      "execution_count": 5,
      "outputs": [
        {
          "output_type": "stream",
          "name": "stdout",
          "text": [
            "Total number of transactions: 14963\n",
            "Average basket size: 2.54\n",
            "Maximum basket size: 10\n",
            "\n",
            "Sample transactions:\n",
            "\n",
            "Transaction 1:\n",
            "Number of items: 3\n",
            "Items: ['whole milk', 'pastry', 'salty snack']\n",
            "\n",
            "Transaction 2:\n",
            "Number of items: 4\n",
            "Items: ['sausage', 'whole milk', 'semi-finished bread', 'yogurt']\n",
            "\n",
            "Transaction 3:\n",
            "Number of items: 2\n",
            "Items: ['soda', 'pickled vegetables']\n",
            "\n",
            "Transaction 4:\n",
            "Number of items: 2\n",
            "Items: ['canned beer', 'misc. beverages']\n",
            "\n",
            "Transaction 5:\n",
            "Number of items: 2\n",
            "Items: ['sausage', 'hygiene articles']\n"
          ]
        }
      ]
    },
    {
      "cell_type": "code",
      "source": [
        "from mlxtend.preprocessing import TransactionEncoder\n",
        "\n",
        "def encode_transactions(transactions):\n",
        "    te = TransactionEncoder()\n",
        "\n",
        "    te_ary = te.fit(transactions).transform(transactions)\n",
        "\n",
        "    df_encoded = pd.DataFrame(te_ary, columns=te.columns_)\n",
        "\n",
        "    print(f\"Shape of encoded matrix: {df_encoded.shape}\")\n",
        "    print(f\"Number of unique items: {len(te.columns_)}\")\n",
        "\n",
        "    return df_encoded\n",
        "\n",
        "df_encoded = encode_transactions(transactions)\n",
        "\n",
        "print(\"\\nFirst 5 rows and 10 columns of encoded data:\")\n",
        "print(df_encoded.iloc[:5, :10])\n",
        "\n",
        "sparsity = (df_encoded.values == False).sum() / df_encoded.size * 100\n",
        "print(f\"\\nMatrix sparsity: {sparsity:.2f}%\")"
      ],
      "metadata": {
        "colab": {
          "base_uri": "https://localhost:8080/"
        },
        "id": "TxMXGawaQ5vH",
        "outputId": "72466ba2-7582-4279-e66a-afd8d8482bf2"
      },
      "execution_count": 6,
      "outputs": [
        {
          "output_type": "stream",
          "name": "stdout",
          "text": [
            "Shape of encoded matrix: (14963, 167)\n",
            "Number of unique items: 167\n",
            "\n",
            "First 5 rows and 10 columns of encoded data:\n",
            "   abrasive cleaner  artif. sweetener  baby cosmetics   bags  baking powder  \\\n",
            "0             False             False           False  False          False   \n",
            "1             False             False           False  False          False   \n",
            "2             False             False           False  False          False   \n",
            "3             False             False           False  False          False   \n",
            "4             False             False           False  False          False   \n",
            "\n",
            "   bathroom cleaner   beef  berries  beverages  bottled beer  \n",
            "0             False  False    False      False         False  \n",
            "1             False  False    False      False         False  \n",
            "2             False  False    False      False         False  \n",
            "3             False  False    False      False         False  \n",
            "4             False  False    False      False         False  \n",
            "\n",
            "Matrix sparsity: 98.48%\n"
          ]
        }
      ]
    },
    {
      "cell_type": "code",
      "source": [
        "from mlxtend.frequent_patterns import apriori, association_rules\n",
        "\n",
        "def apply_apriori(df_encoded, min_support=0.01, min_confidence=0.2):\n",
        "    frequent_itemsets = apriori(df_encoded,\n",
        "                               min_support=min_support,\n",
        "                               use_colnames=True)\n",
        "\n",
        "    print(\"Frequent Itemsets Analysis:\")\n",
        "    print(f\"Number of frequent itemsets found: {len(frequent_itemsets)}\")\n",
        "    print(\"\\nTop 10 frequent itemsets by support:\")\n",
        "    print(frequent_itemsets.sort_values(by='support', ascending=False).head(10))\n",
        "\n",
        "    rules = association_rules(df=frequent_itemsets,\n",
        "                            metric=\"confidence\",\n",
        "                            min_threshold=min_confidence,\n",
        "                            num_itemsets=len(frequent_itemsets))  # Added this parameter\n",
        "\n",
        "    print(\"\\nAssociation Rules Analysis:\")\n",
        "    print(f\"Number of rules generated: {len(rules)}\")\n",
        "\n",
        "    if len(rules) > 0:\n",
        "        print(\"\\nTop 10 rules by lift:\")\n",
        "        rules_by_lift = rules.sort_values('lift', ascending=False).head(10)\n",
        "        print(rules_by_lift[['antecedents', 'consequents', 'support', 'confidence', 'lift']])\n",
        "\n",
        "        print(\"\\nTop 10 rules by confidence:\")\n",
        "        rules_by_conf = rules.sort_values('confidence', ascending=False).head(10)\n",
        "        print(rules_by_conf[['antecedents', 'consequents', 'support', 'confidence', 'lift']])\n",
        "\n",
        "    return frequent_itemsets, rules\n",
        "\n",
        "frequent_itemsets, rules = apply_apriori(df_encoded, min_support=0.01, min_confidence=0.2)\n",
        "\n",
        "if len(rules) == 0:\n",
        "    print(\"\\nTrying with lower threshold values...\")\n",
        "    frequent_itemsets, rules = apply_apriori(df_encoded,\n",
        "                                           min_support=0.005,\n",
        "                                           min_confidence=0.1)"
      ],
      "metadata": {
        "colab": {
          "base_uri": "https://localhost:8080/"
        },
        "id": "3Rf0Hs--RLeB",
        "outputId": "dc60f1f2-a180-446e-be90-e706fe3c743b"
      },
      "execution_count": 13,
      "outputs": [
        {
          "output_type": "stream",
          "name": "stderr",
          "text": [
            "/usr/local/lib/python3.10/dist-packages/ipykernel/ipkernel.py:283: DeprecationWarning: `should_run_async` will not call `transform_cell` automatically in the future. Please pass the result to `transformed_cell` argument and any exception that happen during thetransform in `preprocessing_exc_tuple` in IPython 7.17 and above.\n",
            "  and should_run_async(code)\n"
          ]
        },
        {
          "output_type": "stream",
          "name": "stdout",
          "text": [
            "Frequent Itemsets Analysis:\n",
            "Number of frequent itemsets found: 69\n",
            "\n",
            "Top 10 frequent itemsets by support:\n",
            "     support            itemsets\n",
            "62  0.157923        (whole milk)\n",
            "39  0.122101  (other vegetables)\n",
            "45  0.110005        (rolls/buns)\n",
            "51  0.097106              (soda)\n",
            "63  0.085879            (yogurt)\n",
            "46  0.069572   (root vegetables)\n",
            "56  0.067767    (tropical fruit)\n",
            "4   0.060683     (bottled water)\n",
            "48  0.060349           (sausage)\n",
            "14  0.053131      (citrus fruit)\n",
            "\n",
            "Association Rules Analysis:\n",
            "Number of rules generated: 0\n",
            "\n",
            "Trying with lower threshold values...\n",
            "Frequent Itemsets Analysis:\n",
            "Number of frequent itemsets found: 126\n",
            "\n",
            "Top 10 frequent itemsets by support:\n",
            "     support            itemsets\n",
            "87  0.157923        (whole milk)\n",
            "52  0.122101  (other vegetables)\n",
            "65  0.110005        (rolls/buns)\n",
            "74  0.097106              (soda)\n",
            "88  0.085879            (yogurt)\n",
            "66  0.069572   (root vegetables)\n",
            "80  0.067767    (tropical fruit)\n",
            "5   0.060683     (bottled water)\n",
            "69  0.060349           (sausage)\n",
            "18  0.053131      (citrus fruit)\n",
            "\n",
            "Association Rules Analysis:\n",
            "Number of rules generated: 19\n",
            "\n",
            "Top 10 rules by lift:\n",
            "        antecedents         consequents   support  confidence      lift\n",
            "5     (frankfurter)  (other vegetables)  0.005146    0.136283  1.116150\n",
            "0    (bottled beer)        (whole milk)  0.007151    0.157817  0.999330\n",
            "14        (sausage)        (whole milk)  0.008955    0.148394  0.939663\n",
            "7      (newspapers)        (whole milk)  0.005614    0.144330  0.913926\n",
            "4   (domestic eggs)        (whole milk)  0.005280    0.142342  0.901341\n",
            "6     (frankfurter)        (whole milk)  0.005280    0.139823  0.885388\n",
            "11           (pork)        (whole milk)  0.005012    0.135135  0.855703\n",
            "10      (pip fruit)        (whole milk)  0.006616    0.134877  0.854071\n",
            "3    (citrus fruit)        (whole milk)  0.007151    0.134591  0.852259\n",
            "15  (shopping bags)        (whole milk)  0.006349    0.133427  0.844887\n",
            "\n",
            "Top 10 rules by confidence:\n",
            "        antecedents         consequents   support  confidence      lift\n",
            "0    (bottled beer)        (whole milk)  0.007151    0.157817  0.999330\n",
            "14        (sausage)        (whole milk)  0.008955    0.148394  0.939663\n",
            "7      (newspapers)        (whole milk)  0.005614    0.144330  0.913926\n",
            "4   (domestic eggs)        (whole milk)  0.005280    0.142342  0.901341\n",
            "6     (frankfurter)        (whole milk)  0.005280    0.139823  0.885388\n",
            "5     (frankfurter)  (other vegetables)  0.005146    0.136283  1.116150\n",
            "11           (pork)        (whole milk)  0.005012    0.135135  0.855703\n",
            "10      (pip fruit)        (whole milk)  0.006616    0.134877  0.854071\n",
            "3    (citrus fruit)        (whole milk)  0.007151    0.134591  0.852259\n",
            "15  (shopping bags)        (whole milk)  0.006349    0.133427  0.844887\n"
          ]
        }
      ]
    },
    {
      "cell_type": "code",
      "source": [
        "from mlxtend.frequent_patterns import fpgrowth, association_rules\n",
        "\n",
        "def apply_fpgrowth(df_encoded, min_support=0.01, min_confidence=0.2):\n",
        "    frequent_itemsets = fpgrowth(df_encoded,\n",
        "                                min_support=min_support,\n",
        "                                use_colnames=True)\n",
        "\n",
        "    print(\"Frequent Itemsets Analysis:\")\n",
        "    print(f\"Number of frequent itemsets found: {len(frequent_itemsets)}\")\n",
        "    print(\"\\nTop 10 frequent itemsets by support:\")\n",
        "    print(frequent_itemsets.sort_values(by='support', ascending=False).head(10))\n",
        "\n",
        "    rules = association_rules(df=frequent_itemsets,\n",
        "                            metric=\"confidence\",\n",
        "                            min_threshold=min_confidence,\n",
        "                            num_itemsets=len(frequent_itemsets))  # Added this parameter\n",
        "\n",
        "    print(\"\\nAssociation Rules Analysis:\")\n",
        "    print(f\"Number of rules generated: {len(rules)}\")\n",
        "\n",
        "    if len(rules) > 0:\n",
        "        print(\"\\nTop 10 rules by lift:\")\n",
        "        rules_by_lift = rules.sort_values('lift', ascending=False).head(10)\n",
        "        print(rules_by_lift[['antecedents', 'consequents', 'support', 'confidence', 'lift']])\n",
        "\n",
        "        print(\"\\nTop 10 rules by confidence:\")\n",
        "        rules_by_conf = rules.sort_values('confidence', ascending=False).head(10)\n",
        "        print(rules_by_conf[['antecedents', 'consequents', 'support', 'confidence', 'lift']])\n",
        "\n",
        "    return frequent_itemsets, rules\n",
        "\n",
        "frequent_itemsets_fp, rules_fp = apply_fpgrowth(df_encoded, min_support=0.01, min_confidence=0.2)\n",
        "\n",
        "if len(rules_fp) == 0:\n",
        "    print(\"\\nTrying with lower threshold values...\")\n",
        "    frequent_itemsets_fp, rules_fp = apply_fpgrowth(df_encoded,\n",
        "                                                   min_support=0.005,\n",
        "                                                   min_confidence=0.1)"
      ],
      "metadata": {
        "colab": {
          "base_uri": "https://localhost:8080/"
        },
        "id": "nIwon4vGU01j",
        "outputId": "e7d0a96d-bb25-496e-f632-05aa866fda31"
      },
      "execution_count": 14,
      "outputs": [
        {
          "output_type": "stream",
          "name": "stderr",
          "text": [
            "/usr/local/lib/python3.10/dist-packages/ipykernel/ipkernel.py:283: DeprecationWarning: `should_run_async` will not call `transform_cell` automatically in the future. Please pass the result to `transformed_cell` argument and any exception that happen during thetransform in `preprocessing_exc_tuple` in IPython 7.17 and above.\n",
            "  and should_run_async(code)\n"
          ]
        },
        {
          "output_type": "stream",
          "name": "stdout",
          "text": [
            "Frequent Itemsets Analysis:\n",
            "Number of frequent itemsets found: 69\n",
            "\n",
            "Top 10 frequent itemsets by support:\n",
            "     support            itemsets\n",
            "0   0.157923        (whole milk)\n",
            "16  0.122101  (other vegetables)\n",
            "9   0.110005        (rolls/buns)\n",
            "5   0.097106              (soda)\n",
            "3   0.085879            (yogurt)\n",
            "23  0.069572   (root vegetables)\n",
            "18  0.067767    (tropical fruit)\n",
            "29  0.060683     (bottled water)\n",
            "4   0.060349           (sausage)\n",
            "42  0.053131      (citrus fruit)\n",
            "\n",
            "Association Rules Analysis:\n",
            "Number of rules generated: 0\n",
            "\n",
            "Trying with lower threshold values...\n",
            "Frequent Itemsets Analysis:\n",
            "Number of frequent itemsets found: 126\n",
            "\n",
            "Top 10 frequent itemsets by support:\n",
            "     support            itemsets\n",
            "0   0.157923        (whole milk)\n",
            "18  0.122101  (other vegetables)\n",
            "11  0.110005        (rolls/buns)\n",
            "6   0.097106              (soda)\n",
            "3   0.085879            (yogurt)\n",
            "25  0.069572   (root vegetables)\n",
            "20  0.067767    (tropical fruit)\n",
            "34  0.060683     (bottled water)\n",
            "4   0.060349           (sausage)\n",
            "50  0.053131      (citrus fruit)\n",
            "\n",
            "Association Rules Analysis:\n",
            "Number of rules generated: 19\n",
            "\n",
            "Top 10 rules by lift:\n",
            "        antecedents         consequents   support  confidence      lift\n",
            "7     (frankfurter)  (other vegetables)  0.005146    0.136283  1.116150\n",
            "14   (bottled beer)        (whole milk)  0.007151    0.157817  0.999330\n",
            "2         (sausage)        (whole milk)  0.008955    0.148394  0.939663\n",
            "16     (newspapers)        (whole milk)  0.005614    0.144330  0.913926\n",
            "15  (domestic eggs)        (whole milk)  0.005280    0.142342  0.901341\n",
            "6     (frankfurter)        (whole milk)  0.005280    0.139823  0.885388\n",
            "18           (pork)        (whole milk)  0.005012    0.135135  0.855703\n",
            "11      (pip fruit)        (whole milk)  0.006616    0.134877  0.854071\n",
            "17   (citrus fruit)        (whole milk)  0.007151    0.134591  0.852259\n",
            "12  (shopping bags)        (whole milk)  0.006349    0.133427  0.844887\n",
            "\n",
            "Top 10 rules by confidence:\n",
            "        antecedents         consequents   support  confidence      lift\n",
            "14   (bottled beer)        (whole milk)  0.007151    0.157817  0.999330\n",
            "2         (sausage)        (whole milk)  0.008955    0.148394  0.939663\n",
            "16     (newspapers)        (whole milk)  0.005614    0.144330  0.913926\n",
            "15  (domestic eggs)        (whole milk)  0.005280    0.142342  0.901341\n",
            "6     (frankfurter)        (whole milk)  0.005280    0.139823  0.885388\n",
            "7     (frankfurter)  (other vegetables)  0.005146    0.136283  1.116150\n",
            "18           (pork)        (whole milk)  0.005012    0.135135  0.855703\n",
            "11      (pip fruit)        (whole milk)  0.006616    0.134877  0.854071\n",
            "17   (citrus fruit)        (whole milk)  0.007151    0.134591  0.852259\n",
            "12  (shopping bags)        (whole milk)  0.006349    0.133427  0.844887\n"
          ]
        }
      ]
    },
    {
      "cell_type": "code",
      "source": [
        "import time\n",
        "\n",
        "start_time = time.time()\n",
        "frequent_itemsets, rules = apply_apriori(df_encoded, min_support=0.005, min_confidence=0.1)\n",
        "apriori_time = time.time() - start_time\n",
        "\n",
        "start_time = time.time()\n",
        "frequent_itemsets_fp, rules_fp = apply_fpgrowth(df_encoded, min_support=0.005, min_confidence=0.1)\n",
        "fpgrowth_time = time.time() - start_time\n",
        "\n",
        "print(\"\\nExecution Time Comparison:\")\n",
        "print(f\"Apriori Time: {apriori_time:.2f} seconds\")\n",
        "print(f\"FP-Growth Time: {fpgrowth_time:.2f} seconds\")\n",
        "print(f\"FP-Growth is {(apriori_time/fpgrowth_time):.2f}x {'faster' if fpgrowth_time < apriori_time else 'slower'} than Apriori\")"
      ],
      "metadata": {
        "colab": {
          "base_uri": "https://localhost:8080/"
        },
        "id": "auzl53C5VG4_",
        "outputId": "a3f9c45c-e901-4efa-ba4e-7902fc073f1e"
      },
      "execution_count": 15,
      "outputs": [
        {
          "output_type": "stream",
          "name": "stderr",
          "text": [
            "/usr/local/lib/python3.10/dist-packages/ipykernel/ipkernel.py:283: DeprecationWarning: `should_run_async` will not call `transform_cell` automatically in the future. Please pass the result to `transformed_cell` argument and any exception that happen during thetransform in `preprocessing_exc_tuple` in IPython 7.17 and above.\n",
            "  and should_run_async(code)\n"
          ]
        },
        {
          "output_type": "stream",
          "name": "stdout",
          "text": [
            "Frequent Itemsets Analysis:\n",
            "Number of frequent itemsets found: 126\n",
            "\n",
            "Top 10 frequent itemsets by support:\n",
            "     support            itemsets\n",
            "87  0.157923        (whole milk)\n",
            "52  0.122101  (other vegetables)\n",
            "65  0.110005        (rolls/buns)\n",
            "74  0.097106              (soda)\n",
            "88  0.085879            (yogurt)\n",
            "66  0.069572   (root vegetables)\n",
            "80  0.067767    (tropical fruit)\n",
            "5   0.060683     (bottled water)\n",
            "69  0.060349           (sausage)\n",
            "18  0.053131      (citrus fruit)\n",
            "\n",
            "Association Rules Analysis:\n",
            "Number of rules generated: 19\n",
            "\n",
            "Top 10 rules by lift:\n",
            "        antecedents         consequents   support  confidence      lift\n",
            "5     (frankfurter)  (other vegetables)  0.005146    0.136283  1.116150\n",
            "0    (bottled beer)        (whole milk)  0.007151    0.157817  0.999330\n",
            "14        (sausage)        (whole milk)  0.008955    0.148394  0.939663\n",
            "7      (newspapers)        (whole milk)  0.005614    0.144330  0.913926\n",
            "4   (domestic eggs)        (whole milk)  0.005280    0.142342  0.901341\n",
            "6     (frankfurter)        (whole milk)  0.005280    0.139823  0.885388\n",
            "11           (pork)        (whole milk)  0.005012    0.135135  0.855703\n",
            "10      (pip fruit)        (whole milk)  0.006616    0.134877  0.854071\n",
            "3    (citrus fruit)        (whole milk)  0.007151    0.134591  0.852259\n",
            "15  (shopping bags)        (whole milk)  0.006349    0.133427  0.844887\n",
            "\n",
            "Top 10 rules by confidence:\n",
            "        antecedents         consequents   support  confidence      lift\n",
            "0    (bottled beer)        (whole milk)  0.007151    0.157817  0.999330\n",
            "14        (sausage)        (whole milk)  0.008955    0.148394  0.939663\n",
            "7      (newspapers)        (whole milk)  0.005614    0.144330  0.913926\n",
            "4   (domestic eggs)        (whole milk)  0.005280    0.142342  0.901341\n",
            "6     (frankfurter)        (whole milk)  0.005280    0.139823  0.885388\n",
            "5     (frankfurter)  (other vegetables)  0.005146    0.136283  1.116150\n",
            "11           (pork)        (whole milk)  0.005012    0.135135  0.855703\n",
            "10      (pip fruit)        (whole milk)  0.006616    0.134877  0.854071\n",
            "3    (citrus fruit)        (whole milk)  0.007151    0.134591  0.852259\n",
            "15  (shopping bags)        (whole milk)  0.006349    0.133427  0.844887\n",
            "Frequent Itemsets Analysis:\n",
            "Number of frequent itemsets found: 126\n",
            "\n",
            "Top 10 frequent itemsets by support:\n",
            "     support            itemsets\n",
            "0   0.157923        (whole milk)\n",
            "18  0.122101  (other vegetables)\n",
            "11  0.110005        (rolls/buns)\n",
            "6   0.097106              (soda)\n",
            "3   0.085879            (yogurt)\n",
            "25  0.069572   (root vegetables)\n",
            "20  0.067767    (tropical fruit)\n",
            "34  0.060683     (bottled water)\n",
            "4   0.060349           (sausage)\n",
            "50  0.053131      (citrus fruit)\n",
            "\n",
            "Association Rules Analysis:\n",
            "Number of rules generated: 19\n",
            "\n",
            "Top 10 rules by lift:\n",
            "        antecedents         consequents   support  confidence      lift\n",
            "7     (frankfurter)  (other vegetables)  0.005146    0.136283  1.116150\n",
            "14   (bottled beer)        (whole milk)  0.007151    0.157817  0.999330\n",
            "2         (sausage)        (whole milk)  0.008955    0.148394  0.939663\n",
            "16     (newspapers)        (whole milk)  0.005614    0.144330  0.913926\n",
            "15  (domestic eggs)        (whole milk)  0.005280    0.142342  0.901341\n",
            "6     (frankfurter)        (whole milk)  0.005280    0.139823  0.885388\n",
            "18           (pork)        (whole milk)  0.005012    0.135135  0.855703\n",
            "11      (pip fruit)        (whole milk)  0.006616    0.134877  0.854071\n",
            "17   (citrus fruit)        (whole milk)  0.007151    0.134591  0.852259\n",
            "12  (shopping bags)        (whole milk)  0.006349    0.133427  0.844887\n",
            "\n",
            "Top 10 rules by confidence:\n",
            "        antecedents         consequents   support  confidence      lift\n",
            "14   (bottled beer)        (whole milk)  0.007151    0.157817  0.999330\n",
            "2         (sausage)        (whole milk)  0.008955    0.148394  0.939663\n",
            "16     (newspapers)        (whole milk)  0.005614    0.144330  0.913926\n",
            "15  (domestic eggs)        (whole milk)  0.005280    0.142342  0.901341\n",
            "6     (frankfurter)        (whole milk)  0.005280    0.139823  0.885388\n",
            "7     (frankfurter)  (other vegetables)  0.005146    0.136283  1.116150\n",
            "18           (pork)        (whole milk)  0.005012    0.135135  0.855703\n",
            "11      (pip fruit)        (whole milk)  0.006616    0.134877  0.854071\n",
            "17   (citrus fruit)        (whole milk)  0.007151    0.134591  0.852259\n",
            "12  (shopping bags)        (whole milk)  0.006349    0.133427  0.844887\n",
            "\n",
            "Execution Time Comparison:\n",
            "Apriori Time: 0.73 seconds\n",
            "FP-Growth Time: 3.60 seconds\n",
            "FP-Growth is 0.20x slower than Apriori\n"
          ]
        }
      ]
    }
  ]
}